price_recv,dt
11750.14,1597023308.109686
11750.13,1597023308.115272
11750.14,1597023308.217183
11750.13,1597023310.733807
11749.96,1597023310.833703
11749.96,1597023310.840282
11749.61,1597023310.923263
11749.61,1597023311.321507
11748.6,1597023311.324096
11749.11,1597023311.359583
11748.6,1597023311.361548
11748.33,1597023311.364415
11748.15,1597023311.364821
11747.84,1597023311.366547
11748.51,1597023311.450702
11748.5,1597023311.45458
11748.5,1597023311.511046
11748.16,1597023311.51302
11748.34,1597023311.561006
11748.5,1597023311.562922
11748.5,1597023311.563324
11748.33,1597023311.569013
11748.4,1597023311.667202
11748.41,1597023311.689763
11748.41,1597023311.853034
11748.41,1597023311.961939
11748.41,1597023312.58076
11748.41,1597023312.77117
11748.41,1597023312.897333
11748.4,1597023313.090571
11748.34,1597023313.248576
11748.33,1597023313.254344
11748.34,1597023313.527439
11748.34,1597023313.679647
11748.34,1597023313.723455
11748.34,1597023313.726116
11748.34,1597023313.838276
11748.34,1597023313.95134
11748.34,1597023314.05072
11748.34,1597023314.157303
11748.34,1597023314.264122
11748.34,1597023314.915952
11748.33,1597023315.32386
11748.34,1597023315.330862
11748.33,1597023315.519586
11748.34,1597023315.901043
11748.34,1597023316.084543
11748.09,1597023316.468588
11748.09,1597023316.778385
11748.26,1597023316.787514
11748.27,1597023316.802033
11748.33,1597023316.808045
11748.34,1597023316.808463
11748.35,1597023316.808829
11748.42,1597023316.812942
11748.5,1597023316.813957
11748.51,1597023316.814356
11748.56,1597023316.81491
11748.67,1597023316.815301
11749.11,1597023316.817649
11749.12,1597023316.818063
11749.15,1597023316.823576
11749.62,1597023316.82425
11749.63,1597023316.83419
11749.71,1597023316.834839
11749.72,1597023316.835268
11749.78,1597023316.843478
11749.79,1597023316.843892
11749.81,1597023316.844259
11749.95,1597023316.910427
11749.96,1597023316.910875
11749.97,1597023316.911285
11750.03,1597023316.911641
11750.04,1597023316.911979
11750.05,1597023316.912332
11750.09,1597023316.912676
11750.13,1597023316.913043
11750.15,1597023316.913435
11750.35,1597023316.913817
11750.36,1597023316.914312
11750.38,1597023316.91484
11750.39,1597023316.91519
11750.49,1597023316.915515
11750.54,1597023316.915832
11750.69,1597023316.919561
11750.91,1597023316.920002
11750.92,1597023316.920414
11751.07,1597023316.920857
11751.08,1597023316.921207
11751.13,1597023316.921464
11751.14,1597023316.921655
11751.17,1597023316.921842
11751.21,1597023316.922028
11751.22,1597023316.922237
11751.51,1597023316.922448
11751.88,1597023316.922659
11752.0,1597023316.922871
11752.28,1597023316.923067
11752.32,1597023316.923285
11752.34,1597023316.923496
11752.35,1597023316.934043
11752.38,1597023316.934327
11752.39,1597023316.934588
11752.48,1597023316.934829
11752.54,1597023316.935093
11752.55,1597023316.935359
11752.74,1597023316.935627
11752.75,1597023316.935864
11752.82,1597023316.939984
11752.86,1597023316.940273
11752.87,1597023316.940526
11752.99,1597023316.940769
11753.09,1597023316.941005
11753.1,1597023316.945081
11753.27,1597023316.945454
11753.31,1597023316.945756
11753.32,1597023316.946052
11753.35,1597023316.946333
11753.53,1597023316.946605
11753.67,1597023316.946875
11753.78,1597023316.94714
11753.96,1597023316.947402
11753.97,1597023316.947663
11754.02,1597023316.947923
11754.08,1597023316.948183
11754.11,1597023316.948481
11754.12,1597023316.948782
11754.35,1597023316.94908
11754.36,1597023316.9494
11754.45,1597023316.949712
11754.46,1597023316.95001
11754.67,1597023316.950312
11754.68,1597023316.950612
11754.89,1597023316.950924
11754.96,1597023316.951221
11755.0,1597023316.951521
11755.13,1597023316.951789
11755.14,1597023316.95208
11755.26,1597023316.952382
11755.27,1597023316.952811
11755.58,1597023316.953124
11755.59,1597023316.953446
11755.62,1597023316.953752
11755.69,1597023316.954075
11755.72,1597023316.954374
11755.75,1597023316.954667
11755.75,1597023316.95497
11748.08,1597023316.955266
11747.83,1597023316.955565
11747.16,1597023316.956503
11751.55,1597023317.058668
11749.97,1597023317.159373
11750.95,1597023317.415458
11750.95,1597023317.528825
11750.95,1597023317.533992
11750.95,1597023317.726894
11750.95,1597023318.199648
11750.95,1597023318.989574
11750.95,1597023319.026851
11750.96,1597023319.032962
11751.13,1597023319.035641
11751.92,1597023319.090375
11751.82,1597023319.318657
11751.92,1597023319.322944
11752.3,1597023319.323379
11752.41,1597023319.408874
11752.4,1597023319.612783
11752.4,1597023319.814613
11752.89,1597023319.926126
11752.9,1597023319.933101
11752.89,1597023320.023591
11752.89,1597023320.136868
11752.9,1597023320.577752
11752.89,1597023320.759216
11752.89,1597023320.861367
11752.89,1597023320.961988
11752.78,1597023321.0753
11752.78,1597023321.079249
11752.89,1597023321.079637
11752.89,1597023321.081271
11752.89,1597023321.081867
11752.89,1597023321.082228
11752.89,1597023321.089257
11752.9,1597023321.093649
11753.31,1597023321.097753
11753.31,1597023321.098189
11753.31,1597023321.098791
11753.31,1597023321.099153
11753.31,1597023321.099486
11753.38,1597023321.099829
11753.38,1597023321.10015
11752.88,1597023321.294616
11752.82,1597023321.309397
11752.89,1597023321.381388
11752.87,1597023321.517586
11752.87,1597023321.61662
11752.98,1597023321.689465
11753.6,1597023321.927753
11753.61,1597023321.979162
11753.64,1597023322.061848
11753.88,1597023322.457746
11753.88,1597023322.46219
11753.88,1597023322.515098
11753.89,1597023323.124544
11753.88,1597023323.191596
11753.88,1597023323.204727
11753.88,1597023323.478965
11753.88,1597023323.495564
11753.89,1597023323.514863
11753.88,1597023323.919464
11753.88,1597023324.559092
11753.89,1597023325.423914
11754.13,1597023325.427052
11754.63,1597023325.429638
11754.26,1597023325.445867
11754.87,1597023325.515176
11754.88,1597023325.61375
11754.88,1597023325.728281
11754.88,1597023325.832405
11754.88,1597023325.957662
11754.88,1597023326.104898
11754.88,1597023326.67882
11754.88,1597023327.206922
11754.88,1597023327.308229
11754.88,1597023327.423594
11754.88,1597023327.789205
11754.88,1597023327.936408
11754.88,1597023328.040891
11754.88,1597023328.151565
11754.88,1597023328.201118
11754.88,1597023328.204077
11754.88,1597023328.231004
11754.88,1597023328.365487
11754.88,1597023328.459354
11754.89,1597023328.815794
11754.88,1597023328.93503
11754.89,1597023330.008298
11754.89,1597023330.02321
11755.12,1597023330.149567
11755.13,1597023330.757413
11755.12,1597023330.886232
11755.13,1597023330.943437
11755.73,1597023330.946784
11755.72,1597023331.107955
11755.72,1597023331.21574
11755.72,1597023331.263216
11755.72,1597023331.301586
11755.72,1597023331.334361
11755.72,1597023331.424089
11755.72,1597023331.445736
11755.72,1597023331.747884
11755.72,1597023331.949861
11755.72,1597023332.050114
11755.72,1597023332.160589
11755.72,1597023332.260329
11755.72,1597023332.378007
11755.72,1597023332.451729
11755.72,1597023332.47079
11755.72,1597023332.585308
11755.72,1597023332.79793
11755.73,1597023333.059335
11755.97,1597023333.06292
11755.85,1597023333.072558
11755.96,1597023333.111732
11755.84,1597023333.115328
11755.86,1597023333.201123
11755.95,1597023333.31628
11755.95,1597023333.415661
11755.95,1597023333.523544
11755.95,1597023333.641493
11755.95,1597023333.794481
11755.95,1597023333.849781
11755.95,1597023334.176101
11755.95,1597023334.275462
11755.96,1597023334.390315
11755.95,1597023334.430674
11755.95,1597023334.693495
11755.95,1597023334.914124
11755.95,1597023335.014507
11755.96,1597023335.181406
11755.96,1597023335.192324
11755.96,1597023335.747273
11755.96,1597023335.911004
11755.96,1597023335.916777
11755.96,1597023336.070098
11755.96,1597023336.369617
11755.96,1597023336.584093
11755.96,1597023336.654938
11755.96,1597023336.786948
11755.96,1597023336.888468
11755.96,1597023336.976892
11755.96,1597023337.19948
11755.97,1597023337.31283
11756.08,1597023337.315719
11756.49,1597023337.319522
11756.5,1597023337.319983
11756.24,1597023337.326987
11756.54,1597023337.406123
11756.54,1597023337.450003
11756.54,1597023337.472859
11756.54,1597023337.523213
11756.54,1597023337.623165
11756.58,1597023337.758441
11756.58,1597023337.826998
11756.49,1597023337.930299
11756.35,1597023338.101528
11756.35,1597023338.1956
11756.35,1597023338.257085
11756.36,1597023338.293923
11756.35,1597023338.36259
11756.43,1597023338.439108
11756.5,1597023338.441303
11756.36,1597023338.547018
